01010101011111111111111111222
011221128122222222122222222
02222222222222122222222212122
02222222222111122111111111111111
01211222222211122111111111111111111
019222221122222222222222221111111111111
02222122211211111111111222222222222222222222
0111112221222222222221111111111111111222222222222222
022722228112222222222222222222222222211111111111
01211111112222222222222222211111111222222
01212121212121212121212112121111111111122
01212121212121212121212112121111111111112
12211111111111111111111111111122222222222
222222222222222222222222222222222221
11111111111111111111111111111111111111